model			top1    top5	top10	meanK
normal          82      131     140     3.1448276

                82      129     137


EPOCH 0:
 top1: 0.37533333333333335 (1126)
 top5: 0.5913333333333334 (1774)
top10: 0.684 (2052)

EPOCH 1:
 top1: 0.42333333333333334 (1270)
 top5: 0.6506666666666666 (1952)
top10: 0.7423333333333333 (2227)


EPOCH 3:
 top1: 0.4653333333333333 (1396)
 top5: 0.693 (2079)
top10: 0.7796666666666666 (2339)

EPOCH 4:
 top1: 0.4736666666666667 (1421)
 top5: 0.697 (2091)
top10: 0.782 (2346)